Mean	Mean Err	FWHM    FWHM Err    NET Area    NET Area Err    Counts/s    Counts/s Err
76.6565    0.180787    4.62614    0.975906  378    110    3.78  1.1  DOPPIA!
86.8144    0.105105    1.39577    0.206145  131    28    1.31  0.28
94.9373    0.0141692    1.38064    0.0305283  2353    82    23.53  0.82  DOPPIA!
98.7373    0.0100215    1.38169    0.0224929  4262    110    42.62  1.1  DOPPIA!
111.599    0.021633    1.89565    0.0489037  2130    82    21.3  0.82  DOPPIA!
115.157    0.035573    1.77473    0.0845955  896    60    8.96  0.6  DOPPIA!
159.643    0.269366    1.57324    0.385025  44    17    0.44  0.17
157.152    2.01053    19.3066    4.96733  18271    15885    182.71  158.85
174.181    0.142604    1.56437    0.330839  73    21    0.73  0.21
181.572    0.185524    1.30622    0.420002  46    19    0.46  0.19  DOPPIA!
185.399    0.0858622    1.4442    0.286602  124    31    1.24  0.31  DOPPIA!
198.373    0.150804    2.02849    0.360073  93    23    0.93  0.23  DOPPIA!
202.494    0.136652    1.82148    0.439066  84    25    0.84  0.25  DOPPIA!
271.698    0.10859    1.19578    0.190422  51    13    0.51  0.13
279.36    0.229048    1.74552    0.457907  55    19    0.55  0.19
300.393    0.020091    1.54407    0.0397171  1200    54    12  0.54
312.239    0.00771173    1.47657    0.0138863  7002    123    70.02  1.23
326.04    0.135369    1.41636    0.278302  54    15    0.54  0.15  DOPPIA!
329.081    0.0744469    1.71203    0.199455  186    29    1.86  0.29  DOPPIA!
340.76    0.0245555    1.52486    0.0442643  799    42    7.99  0.42
375.724    0.0644858    1.24963    0.104214  141    19    1.41  0.19
387.715    0.102755    1.02926    0.264814  39    14    0.39  0.14  DOPPIA!
392.514    0.174232    1.24033    0.346908  25    10    0.25  0.1  DOPPIA!
398.754    0.0303539    1.40386    0.0530837  468    32    4.68  0.32
416.047    0.0344528    1.50014    0.0499368  406    24    4.06  0.24  DOPPIA!
546.59    0.558084    1.59814    0.78236  11    10    0.11  0.1
554.486    0.0857439    1.29522    0.150516  75    14    0.75  0.14
564.286    0.11961    1.40536    0.271624  48    13    0.48  0.13
619.37    0.182609    2.04751    0.470954  49    15    0.49  0.15
776.676    0.101083    1.44359    0.253967  71    17    0.71  0.17  DOPPIA!
828.097    0.177151    1.31334    0.440144  28    13    0.28  0.13
928.563    0.556336    1.2686    0.874017  10    9    0.1  0.09
1022.24    0.137732    0.934817    0.312359  21    13    0.21  0.13
1043.54    0.957205    2.81687    1.68  15    12    0.15  0.12
1134.36    2.61989    19.2339    5.38511  962    371    9.62  3.71
1317.9    0.459353    2.05003    0.742949  18    9    0.18  0.09
1331.01    0.282141    1.14172    0.512159  11    7    0.11  0.07
1368.73    0.0302359    2.1675    0.0575214  1029    48    10.29  0.48
1607.55    0.740414    2.49644    1.26399  18    17    0.18  0.17
2242.33    0.238015    1.74371    0.584441  26    12    0.26  0.12
2753.51    0.0713455    3.14467    0.175642  467    38    4.67  0.38
